[Motor]
speed = 20
acceleration = 0.05

[fit_para]
slope = 0.881395    
intercept = 138.968736    