[Motor]
speed = 5
acceleration = 0.05

[fit_para]
slope = 4.926154    
intercept = 133.096978    